Time: 2021-01-09 17:12:19.102679801 -0500 EST m=+11.580395960, Username: admin, Password: admin
Time: 2021-01-09 17:12:48.84606999 -0500 EST m=+41.323786139, Username: administrator, Password: P@ssword12345
Time: 2021-01-09 17:17:55.684737939 -0500 EST m=+27.686224982, Username: admin, Password: super secure password
