Time: 2021-01-13 13:42:55.072118839 -0500 EST m=+106.591806301, Username: admin, Password: admin
Time: 2021-01-13 13:44:15.821515227 -0500 EST m=+187.341202699, Username: johnwick@continental.com, Password: babayaga
